4306
62448
294
17426
34689
8954
38248
46083
17528
51311
45362
57894
13937
24612
58404
26344
17255
23139
42355
57661
44603
50874
2629
56876
44532
37171
7393
18266
63833
19520
5346
63672
11128
20052
12996
25825
10717
12729
17754
57166
43126
11098
21897
6484
43822
55912
48906
7571
28405
4949
13164
742
31962
11397
4636
13943
12036
44777
58458
35490
37377
14469
6562
49144
4777
22232
49149
29989
43583
9159
32355
60489
26029
17648
40411
56885
64042
23466
13065
18648
12034
1931
13543
19375
58049
58996
27030
26038
22204
53267
61187
53908
51297
16263
54599
2661
39137
4420
52294
7990
54051
36033
34649
38678
37491
1556
57604
36799
941
8987
22605
13247
43914
9844
37103
30371
37098
16596
39586
30896
32351
17254
59598
2224
62498
39858
50984
20102
41114
15
24484
28871
25195
57925
61006
56731
24898
41405
55103
383
45943
38684
64815
34646
8994
48396
60294
33584
57125
48474
20513
3590
30861
6824
32526
11053
19565
42542
40989
16923
2756
19029
64184
57130
9593
52999
4926
50665
42096
48940
58730
1557
50704
10380
7204
47958
27634
64587
20528
19934
8876
20153
57106
30994
30590
19809
4675
31738
47045
12969
1777
46909
27196
49862
63432
38036
10822
30430
20403
64925
46824
44314
54614
25278
17198
18205
36517
32707
31151
41111
59770
45595
22975
50483
44214
64970
38977
7305
5344
22720
37091
15405
55749
45699
64588
20377
14542
34393
34177
11226
15220
53823
18919
5612
31501
43986
11522
59046
32024
40847
26772
14903
17798
46327
44096
60458
61892
42402
37615
14142
38680
15332
57485
25329
27775
14882
26145
13184
41592
54326
11684
5203
36396
679
38835
46311
50975
35397
58526
5491
3002
56378
36190
38593
42904
14568
16713
55474
23175
11632
4074
8309
32682
26252
35955
47914
17454
24080
46918
46999
58429
61581
27408
16894
7704
59743
31576
35931
50666
59947
49991
9111
50315
17015
2627
52115
59033
47757
59848
59684
1044
35912
8724
21932
61862
45979
64262
27872
53115
63780
12571
46680
3424
4519
23848
47613
31658
32771
60767
7391
3043
37433
26833
56130
15925
30670
26864
24897
22695
38510
8219
62896
22123
37735
26125
46746
24377
5049
44117
42173
39951
43838
21334
34699
28410
27644
5225
60913
43578
48037
25993
7547
3811
42057
16123
18956
32762
33082
47487
8196
19357
22463
56487
12782
15268
9997
18023
44518
51578
12881
18406
21982
35069
35935
44406
52538
19210
46446
49542
9742
30125
49709
41355
13532
60527
34521
45511
39759
41626
33488
46708
64819
35485
36897
49010
16239
13338
36962
58597
39634
44335
50068
40844
19628
30253
6357
62786
41380
53368
29070
31106
23594
58655
30910
20676
13194
7426
46990
40150
33651
11839
63579
28085
43439
28825
47207
3776
61780
51092
26716
10420
64500
7322
64380
10058
4771
61638
54870
57918
42537
58403
34528
3782
2000
19085
60180
9468
20243
37976
1719
28093
48194
46438
59143
61063
16729
2015
39508
2730
16601
54128
39832
29091
56034
34371
44495
25124
9007
23704
12839
20011
29509
14058
40215
32578
23381
28542
3050
51225
56899
52919
48079
31590
4665
11468
34809
31873
39808
46752
50016
5562
62189
13772
1859
28768
63722
43202
38685
50172
61814
6787
6201
6779
59770
10421
50272
30591
29158
24241
20056
14044
5715
19259
8958
4710
33502
32852
60408
51089
48215
63616
32889
12930
28353
21934
12029
41901
15549
13191
20164
34928
16175
11241
50000
23247
58183
63617
58778
27329
61083
19138
38969
156
18717
62235
923
46677
60429
58610
6155
43243
59237
42263
58051
22074
17752
2100
35764
64161
57639
38055
25078
65197
17519
54029
17953
17522
51224
49513
31649
49179
35978
4566
3468
60412
9291
60923
32686
6191
52299
26520
6943
58634
54007
17284
19805
4183
59936
21174
62349
7133
58559
29603
6068
51790
10370
45190
19830
25292
32823
50351
5512
38026
8153
56903
13521
32937
29068
25390
56435
16805
37915
14620
40101
29352
31890
60144
3108
1832
7292
35321
39617
53703
15001
22836
24020
39222
19383
56742
39760
37093
18880
32967
8674
37394
34767
25675
62580
62992
55236
43013
46045
30080
2126
14115
25654
50870
7782
12317
29552
51564
33371
20047
11650
7108
15349
1045
24323
52838
57907
33761
47881
14298
61076
5475
33535
23509
4583
15519
59688
1821
7487
23319
3859
17650
13652
12814
23092
42330
50623
40941
2266
29934
62407
58570
33501
25715
56055
60108
16838
41436
24518
28989
28277
21078
56134
29817
27698
3888
52704
56370
38217
10994
27363
60555
59895
23032
29583
28641
33133
63462
2678
18157
13565
45601
63355
28001
26779
23782
5717
27252
36989
13673
13497
10678
21509
46352
38675
57422
2062
22993
21203
43214
59717
45727
4193
4962
40873
30383
64678
60459
27070
10194
26470
50656
65080
33974
61553
30235
2081
64734
11784
8840
51813
7820
23461
62893
17896
7233
7376
13956
26541
42195
30017
43714
42228
19425
18794
44997
49153
10673
37332
54519
39858
32440
46045
29510
19567
28985
31861
27450
25687
10240
6401
64941
40343
58702
14398
27981
61997
32289
38110
34846
15087
54489
28197
23436
4611
26840
33756
39495
52763
46956
45886
50350
32038
2892
15882
2537
13774
30635
33720
25698
28806
30740
48091
26490
18958
63515
18220
250
11241
8800
61466
32400
53694
7975
62220
4484
38737
3266
42744
57397
26578
47229
59460
14600
12011
35672
1652
25703
54413
25369
31075
52937
16442
44095
24714
12101
44455
38042
7898
65208
30034
65183
58322
3522
58958
29629
48925
34947
42321
32183
56211
60640
22086
60686
39118
50928
58215
55987
40044
50617
9645
60986
19750
29785
53286
15673
61199
38890
31012
9610
16710
38037
17126
55275
50867
62242
45151
64621
3381
1939
31598
23391
21831
8164
1882
50473
63398
35697
11833
26431
7036
11968
28862
15622
36299
24545
59399
38538
26410
5271
3629
38297
16087
20500
30605
43319
52928
33191
49538
12539
33523
41874
18028
39600
40103
20595
61500
7703
32196
22946
52439
10719
51672
16590
47265
11089
15562
7740
38273
29892
6924
12951
34386
5952
43563
39577
39350
52951
12350
15071
10838
52
3274
7904
6090
59047
55918
48544
22751
46264
30371
9611
26678
42100
55253
11568
46407
61543
53976
56441
49158
59579
11017
12312
25358
57759
23790
45773
16768
30454
40366
46329
26833
36358
11030
58888
13862
